5
0 -18.375195 -10.000000 -1.133763 7.259438
1 -7.738273 -5.000000 -4.763634 6.750389
2 -10.081484 0.000000 -7.289956 0.425123
3 -6.753136 5.000000 0.628986 6.674703
4 -6.371044 10.000000 -1.966308 1.153905
5
0 -1.338542 -10.000000 -9.391461 -2.643818
1 -19.017914 -5.000000 8.894009 1.189917
2 -8.644673 0.000000 2.587664 7.112949
3 -7.470931 5.000000 -3.707694 -6.085696
4 -18.969695 10.000000 3.187048 9.920042
-85.882138 33.066805 59.587390 49.748222 -89.342936 
12.167730 19.626453 67.040010 -1.809748 36.442152 
-29.020051 86.205634 83.904538 60.985137 -81.664480 
-16.891995 -29.612110 87.475204 -71.727653 43.272195 
45.347453 -79.888302 -13.675344 15.689566 45.060579 
